300.0	0.0252
300.5	0.0252
301.0	0.0253
301.5	0.0254
302.0	0.0253
302.5	0.0254
303.0	0.0255
303.5	0.0254
304.0	0.0254
304.5	0.0257
305.0	0.0255
305.5	0.0257
306.0	0.0258
306.5	0.0258
307.0	0.0257
307.5	0.0258
308.0	0.0259
308.5	0.0260
309.0	0.0260
309.5	0.0262
310.0	0.0262
310.5	0.0261
311.0	0.0262
311.5	0.0262
312.0	0.0263
312.5	0.0263
313.0	0.0265
313.5	0.0266
314.0	0.0264
314.5	0.0264
315.0	0.0265
315.5	0.0265
316.0	0.0266
316.5	0.0267
317.0	0.0268
317.5	0.0269
318.0	0.0268
318.5	0.0269
319.0	0.0271
319.5	0.0270
320.0	0.0272
320.5	0.0273
321.0	0.0273
321.5	0.0275
322.0	0.0274
322.5	0.0276
323.0	0.0275
323.5	0.0276
324.0	0.0278
324.5	0.0275
325.0	0.0279
325.5	0.0281
326.0	0.0279
326.5	0.0281
327.0	0.0279
327.5	0.0280
328.0	0.0282
328.5	0.0282
329.0	0.0280
329.5	0.0285
330.0	0.0285
330.5	0.0284
331.0	0.0285
331.5	0.0286
332.0	0.0286
332.5	0.0288
333.0	0.0289
333.5	0.0288
334.0	0.0289
334.5	0.0290
335.0	0.0292
335.5	0.0291
336.0	0.0291
336.5	0.0291
337.0	0.0292
337.5	0.0293
338.0	0.0295
338.5	0.0295
339.0	0.0296
339.5	0.0297
340.0	0.0298
340.5	0.0298
341.0	0.0298
341.5	0.0300
342.0	0.0300
342.5	0.0300
343.0	0.0301
343.5	0.0299
344.0	0.0302
344.5	0.0302
345.0	0.0304
345.5	0.0304
346.0	0.0306
346.5	0.0307
347.0	0.0306
347.5	0.0309
348.0	0.0308
348.5	0.0310
349.0	0.0309
349.5	0.0310
350.0	0.0311
350.5	0.0309
351.0	0.0314
351.5	0.0314
352.0	0.0315
352.5	0.0316
353.0	0.0316
353.5	0.0318
354.0	0.0318
354.5	0.0320
355.0	0.0320
355.5	0.0322
356.0	0.0322
356.5	0.0323
357.0	0.0323
357.5	0.0324
358.0	0.0325
358.5	0.0327
359.0	0.0326
359.5	0.0328
360.0	0.0330
360.5	0.0329
361.0	0.0331
361.5	0.0331
362.0	0.0332
362.5	0.0332
363.0	0.0333
363.5	0.0335
364.0	0.0336
364.5	0.0337
365.0	0.0337
365.5	0.0338
366.0	0.0340
366.5	0.0340
367.0	0.0341
367.5	0.0343
368.0	0.0344
368.5	0.0345
369.0	0.0344
369.5	0.0348
370.0	0.0348
370.5	0.0349
371.0	0.0351
371.5	0.0350
372.0	0.0353
372.5	0.0353
373.0	0.0354
373.5	0.0355
374.0	0.0355
374.5	0.0358
375.0	0.0358
375.5	0.0360
376.0	0.0362
376.5	0.0361
377.0	0.0363
377.5	0.0364
378.0	0.0365
378.5	0.0367
379.0	0.0368
379.5	0.0369
380.0	0.0369
380.5	0.0372
381.0	0.0374
381.5	0.0375
382.0	0.0376
382.5	0.0377
383.0	0.0377
383.5	0.0379
384.0	0.0380
384.5	0.0380
385.0	0.0384
385.5	0.0383
386.0	0.0386
386.5	0.0389
387.0	0.0385
387.5	0.0390
388.0	0.0393
388.5	0.0393
389.0	0.0394
389.5	0.0395
390.0	0.0397
390.5	0.0398
391.0	0.0398
391.5	0.0400
392.0	0.0400
392.5	0.0403
393.0	0.0406
393.5	0.0407
394.0	0.0408
394.5	0.0410
395.0	0.0411
395.5	0.0410
396.0	0.0415
396.5	0.0416
397.0	0.0417
397.5	0.0418
398.0	0.0420
398.5	0.0420
399.0	0.0423
399.5	0.0427
400.0	0.0428
400.5	0.0427
401.0	0.0431
401.5	0.0434
402.0	0.0435
402.5	0.0435
403.0	0.0436
403.5	0.0440
404.0	0.0440
404.5	0.0442
405.0	0.0444
405.5	0.0447
406.0	0.0447
406.5	0.0449
407.0	0.0451
407.5	0.0451
408.0	0.0455
408.5	0.0455
409.0	0.0460
409.5	0.0461
410.0	0.0462
410.5	0.0465
411.0	0.0468
411.5	0.0471
412.0	0.0472
412.5	0.0473
413.0	0.0477
413.5	0.0478
414.0	0.0480
414.5	0.0483
415.0	0.0484
415.5	0.0485
416.0	0.0490
416.5	0.0491
417.0	0.0493
417.5	0.0495
418.0	0.0499
418.5	0.0500
419.0	0.0504
419.5	0.0505
420.0	0.0509
420.5	0.0510
421.0	0.0511
421.5	0.0514
422.0	0.0519
422.5	0.0521
423.0	0.0522
423.5	0.0524
424.0	0.0527
424.5	0.0532
425.0	0.0534
425.5	0.0534
426.0	0.0539
426.5	0.0541
427.0	0.0544
427.5	0.0548
428.0	0.0552
428.5	0.0554
429.0	0.0556
429.5	0.0561
430.0	0.0560
430.5	0.0563
431.0	0.0567
431.5	0.0568
432.0	0.0574
432.5	0.0578
433.0	0.0578
433.5	0.0582
434.0	0.0587
434.5	0.0588
435.0	0.0594
435.5	0.0594
436.0	0.0598
436.5	0.0603
437.0	0.0604
437.5	0.0610
438.0	0.0614
438.5	0.0620
439.0	0.0620
439.5	0.0624
440.0	0.0628
440.5	0.0633
441.0	0.0635
441.5	0.0640
442.0	0.0641
442.5	0.0647
443.0	0.0649
443.5	0.0653
444.0	0.0655
444.5	0.0662
445.0	0.0666
445.5	0.0670
446.0	0.0672
446.5	0.0679
447.0	0.0685
447.5	0.0689
448.0	0.0693
448.5	0.0699
449.0	0.0701
449.5	0.0707
450.0	0.0712
450.5	0.0714
451.0	0.0720
451.5	0.0724
452.0	0.0731
452.5	0.0735
453.0	0.0740
453.5	0.0746
454.0	0.0750
454.5	0.0756
455.0	0.0761
455.5	0.0765
456.0	0.0772
456.5	0.0777
457.0	0.0784
457.5	0.0788
458.0	0.0796
458.5	0.0801
459.0	0.0805
459.5	0.0811
460.0	0.0818
460.5	0.0823
461.0	0.0830
461.5	0.0837
462.0	0.0840
462.5	0.0846
463.0	0.0854
463.5	0.0859
464.0	0.0866
464.5	0.0872
465.0	0.0881
465.5	0.0884
466.0	0.0896
466.5	0.0899
467.0	0.0907
467.5	0.0914
468.0	0.0920
468.5	0.0928
469.0	0.0937
469.5	0.0943
470.0	0.0949
470.5	0.0958
471.0	0.0965
471.5	0.0970
472.0	0.0978
472.5	0.0988
473.0	0.0994
473.5	0.1004
474.0	0.1012
474.5	0.1018
475.0	0.1026
475.5	0.1033
476.0	0.1046
476.5	0.1052
477.0	0.1059
477.5	0.1067
478.0	0.1076
478.5	0.1085
479.0	0.1093
479.5	0.1100
480.0	0.1108
480.5	0.1118
481.0	0.1126
481.5	0.1135
482.0	0.1144
482.5	0.1152
483.0	0.1160
483.5	0.1167
484.0	0.1178
484.5	0.1185
485.0	0.1194
485.5	0.1202
486.0	0.1209
486.5	0.1218
487.0	0.1224
487.5	0.1233
488.0	0.1240
488.5	0.1247
489.0	0.1255
489.5	0.1264
490.0	0.1272
490.5	0.1277
491.0	0.1284
491.5	0.1291
492.0	0.1299
492.5	0.1303
493.0	0.1309
493.5	0.1316
494.0	0.1321
494.5	0.1329
495.0	0.1332
495.5	0.1336
496.0	0.1342
496.5	0.1347
497.0	0.1349
497.5	0.1354
498.0	0.1356
498.5	0.1359
499.0	0.1362
499.5	0.1366
500.0	0.1367
500.5	0.1369
501.0	0.1369
501.5	0.1370
502.0	0.1369
502.5	0.1372
503.0	0.1368
503.5	0.1369
504.0	0.1369
504.5	0.1365
505.0	0.1365
505.5	0.1363
506.0	0.1358
506.5	0.1354
507.0	0.1353
507.5	0.1348
508.0	0.1344
508.5	0.1342
509.0	0.1336
509.5	0.1332
510.0	0.1326
510.5	0.1323
511.0	0.1314
511.5	0.1310
512.0	0.1301
512.5	0.1295
513.0	0.1287
513.5	0.1282
514.0	0.1273
514.5	0.1266
515.0	0.1259
515.5	0.1251
516.0	0.1243
516.5	0.1235
517.0	0.1228
517.5	0.1217
518.0	0.1208
518.5	0.1201
519.0	0.1191
519.5	0.1184
520.0	0.1174
520.5	0.1165
521.0	0.1157
521.5	0.1148
522.0	0.1139
522.5	0.1131
523.0	0.1118
523.5	0.1111
524.0	0.1102
524.5	0.1093
525.0	0.1084
525.5	0.1074
526.0	0.1066
526.5	0.1057
527.0	0.1048
527.5	0.1039
528.0	0.1030
528.5	0.1020
529.0	0.1011
529.5	0.1003
530.0	0.0993
530.5	0.0985
531.0	0.0977
531.5	0.0967
532.0	0.0960
532.5	0.0950
533.0	0.0943
533.5	0.0937
534.0	0.0925
534.5	0.0918
535.0	0.0909
535.5	0.0902
536.0	0.0894
536.5	0.0884
537.0	0.0880
537.5	0.0872
538.0	0.0864
538.5	0.0854
539.0	0.0851
539.5	0.0842
540.0	0.0835
540.5	0.0827
541.0	0.0820
541.5	0.0811
542.0	0.0807
542.5	0.0800
543.0	0.0793
543.5	0.0787
544.0	0.0780
544.5	0.0771
545.0	0.0766
545.5	0.0760
546.0	0.0754
546.5	0.0746
547.0	0.0739
547.5	0.0737
548.0	0.0729
548.5	0.0724
549.0	0.0716
549.5	0.0711
550.0	0.0704
550.5	0.0699
551.0	0.0695
551.5	0.0689
552.0	0.0684
552.5	0.0678
553.0	0.0671
553.5	0.0667
554.0	0.0664
554.5	0.0657
555.0	0.0651
555.5	0.0646
556.0	0.0644
556.5	0.0636
557.0	0.0635
557.5	0.0628
558.0	0.0625
558.5	0.0619
559.0	0.0614
559.5	0.0611
560.0	0.0605
560.5	0.0600
561.0	0.0596
561.5	0.0593
562.0	0.0588
562.5	0.0582
563.0	0.0580
563.5	0.0575
564.0	0.0573
564.5	0.0567
565.0	0.0562
565.5	0.0561
566.0	0.0555
566.5	0.0552
567.0	0.0547
567.5	0.0545
568.0	0.0541
568.5	0.0537
569.0	0.0535
569.5	0.0530
570.0	0.0526
570.5	0.0523
571.0	0.0520
571.5	0.0516
572.0	0.0512
572.5	0.0510
573.0	0.0506
573.5	0.0504
574.0	0.0501
574.5	0.0497
575.0	0.0494
575.5	0.0491
576.0	0.0484
576.5	0.0484
577.0	0.0482
577.5	0.0478
578.0	0.0474
578.5	0.0471
579.0	0.0470
579.5	0.0466
580.0	0.0464
580.5	0.0459
581.0	0.0456
581.5	0.0454
582.0	0.0452
582.5	0.0451
583.0	0.0445
583.5	0.0443
584.0	0.0440
584.5	0.0439
585.0	0.0434
585.5	0.0432
586.0	0.0430
586.5	0.0429
587.0	0.0426
587.5	0.0423
588.0	0.0421
588.5	0.0419
589.0	0.0417
589.5	0.0412
590.0	0.0412
590.5	0.0410
591.0	0.0406
591.5	0.0406
592.0	0.0401
592.5	0.0398
593.0	0.0400
593.5	0.0396
594.0	0.0395
594.5	0.0393
595.0	0.0390
595.5	0.0388
596.0	0.0386
596.5	0.0384
597.0	0.0380
597.5	0.0379
598.0	0.0377
598.5	0.0378
599.0	0.0373
599.5	0.0372
600.0	0.0371
600.5	0.0368
601.0	0.0369
601.5	0.0365
602.0	0.0365
602.5	0.0361
603.0	0.0357
603.5	0.0356
604.0	0.0356
604.5	0.0355
605.0	0.0352
605.5	0.0350
606.0	0.0350
606.5	0.0346
607.0	0.0346
607.5	0.0344
608.0	0.0342
608.5	0.0339
609.0	0.0338
609.5	0.0336
610.0	0.0336
610.5	0.0332
611.0	0.0333
611.5	0.0330
612.0	0.0328
612.5	0.0328
613.0	0.0327
613.5	0.0323
614.0	0.0324
614.5	0.0322
615.0	0.0321
615.5	0.0318
616.0	0.0319
616.5	0.0318
617.0	0.0315
617.5	0.0312
618.0	0.0312
618.5	0.0311
619.0	0.0307
619.5	0.0308
620.0	0.0306
620.5	0.0304
621.0	0.0302
621.5	0.0301
622.0	0.0299
622.5	0.0300
623.0	0.0298
623.5	0.0298
624.0	0.0296
624.5	0.0294
625.0	0.0291
625.5	0.0291
626.0	0.0290
626.5	0.0290
627.0	0.0288
627.5	0.0287
628.0	0.0286
628.5	0.0284
629.0	0.0283
629.5	0.0282
630.0	0.0282
630.5	0.0280
631.0	0.0278
631.5	0.0275
632.0	0.0277
632.5	0.0275
633.0	0.0275
633.5	0.0272
634.0	0.0271
634.5	0.0272
635.0	0.0269
635.5	0.0269
636.0	0.0268
636.5	0.0266
637.0	0.0265
637.5	0.0266
638.0	0.0263
638.5	0.0261
639.0	0.0260
639.5	0.0259
640.0	0.0259
640.5	0.0258
641.0	0.0257
641.5	0.0255
642.0	0.0256
642.5	0.0254
643.0	0.0253
643.5	0.0251
644.0	0.0252
644.5	0.0251
645.0	0.0249
645.5	0.0249
646.0	0.0247
646.5	0.0247
647.0	0.0246
647.5	0.0244
648.0	0.0244
648.5	0.0243
649.0	0.0242
649.5	0.0241
650.0	0.0240
650.5	0.0239
651.0	0.0236
651.5	0.0236
652.0	0.0236
652.5	0.0235
653.0	0.0232
653.5	0.0233
654.0	0.0233
654.5	0.0232
655.0	0.0231
655.5	0.0231
656.0	0.0229
656.5	0.0229
657.0	0.0228
657.5	0.0227
658.0	0.0227
658.5	0.0225
659.0	0.0224
659.5	0.0225
660.0	0.0224
660.5	0.0222
661.0	0.0222
661.5	0.0222
662.0	0.0221
662.5	0.0219
663.0	0.0218
663.5	0.0218
664.0	0.0219
664.5	0.0216
665.0	0.0216
665.5	0.0214
666.0	0.0213
666.5	0.0213
667.0	0.0212
667.5	0.0213
668.0	0.0213
668.5	0.0211
669.0	0.0210
669.5	0.0210
670.0	0.0208
670.5	0.0208
671.0	0.0208
671.5	0.0206
672.0	0.0206
672.5	0.0204
673.0	0.0204
673.5	0.0203
674.0	0.0202
674.5	0.0202
675.0	0.0200
675.5	0.0200
676.0	0.0200
676.5	0.0198
677.0	0.0198
677.5	0.0197
678.0	0.0199
678.5	0.0196
679.0	0.0196
679.5	0.0195
680.0	0.0194
680.5	0.0193
681.0	0.0193
681.5	0.0193
682.0	0.0192
682.5	0.0193
683.0	0.0190
683.5	0.0191
684.0	0.0189
684.5	0.0189
685.0	0.0187
685.5	0.0187
686.0	0.0189
686.5	0.0188
687.0	0.0187
687.5	0.0188
688.0	0.0186
688.5	0.0185
689.0	0.0183
689.5	0.0183
690.0	0.0183
690.5	0.0183
691.0	0.0183
691.5	0.0182
692.0	0.0181
692.5	0.0180
693.0	0.0178
693.5	0.0179
694.0	0.0180
694.5	0.0178
695.0	0.0180
695.5	0.0179
696.0	0.0177
696.5	0.0175
697.0	0.0177
697.5	0.0174
698.0	0.0177
698.5	0.0174
699.0	0.0173
699.5	0.0173
700.0	0.0175