# Ce fichier contient la répartition d'une charge q=+1 distribuée sur une plaque 
# métallique 
# 1ere colonne : position sur la plaque
# 2e colonne : charge 
-1	0.0228857
-0.995	0.0115051
-0.99	0.00867559
-0.985	0.00726871
-0.98	0.00639436
-0.975	0.00578579
-0.97	0.00533198
-0.965	0.00497749
-0.96	0.00469116
-0.955	0.00445395
-0.95	0.00425354
-0.945	0.0040815
-0.94	0.00393188
-0.935	0.00380034
-0.93	0.00368362
-0.925	0.00357923
-0.92	0.00348523
-0.915	0.00340006
-0.91	0.0033225
-0.905	0.00325152
-0.9	0.00318629
-0.895	0.00312612
-0.89	0.00307043
-0.885	0.00301871
-0.88	0.00297056
-0.875	0.0029256
-0.87	0.00288352
-0.865	0.00284406
-0.86	0.00280696
-0.855	0.00277203
-0.85	0.00273909
-0.845	0.00270795
-0.84	0.00267849
-0.835	0.00265057
-0.83	0.00262407
-0.825	0.00259889
-0.82	0.00257494
-0.815	0.00255212
-0.81	0.00253037
-0.805	0.00250961
-0.8	0.00248977
-0.795	0.00247081
-0.79	0.00245266
-0.785	0.00243527
-0.78	0.00241861
-0.775	0.00240263
-0.77	0.00238728
-0.765	0.00237254
-0.76	0.00235837
-0.755	0.00234474
-0.75	0.00233162
-0.745	0.00231899
-0.74	0.00230682
-0.735	0.00229509
-0.73	0.00228377
-0.725	0.00227285
-0.72	0.00226231
-0.715	0.00225213
-0.71	0.00224229
-0.705	0.00223278
-0.7	0.00222358
-0.695	0.00221469
-0.69	0.00220607
-0.685	0.00219774
-0.68	0.00218966
-0.675	0.00218184
-0.67	0.00217426
-0.665	0.00216691
-0.66	0.00215978
-0.655	0.00215286
-0.65	0.00214615
-0.645	0.00213964
-0.64	0.00213332
-0.635	0.00212718
-0.63	0.00212121
-0.625	0.00211542
-0.62	0.00210978
-0.615	0.00210431
-0.61	0.00209898
-0.605	0.00209381
-0.6	0.00208877
-0.595	0.00208387
-0.59	0.0020791
-0.585	0.00207446
-0.58	0.00206994
-0.575	0.00206554
-0.57	0.00206126
-0.565	0.00205709
-0.56	0.00205302
-0.555	0.00204906
-0.55	0.0020452
-0.545	0.00204144
-0.54	0.00203777
-0.535	0.00203419
-0.53	0.00203071
-0.525	0.00202731
-0.52	0.00202399
-0.515	0.00202076
-0.51	0.0020176
-0.505	0.00201452
-0.5	0.00201152
-0.495	0.00200858
-0.49	0.00200572
-0.485	0.00200293
-0.48	0.0020002
-0.475	0.00199754
-0.47	0.00199494
-0.465	0.0019924
-0.46	0.00198992
-0.455	0.0019875
-0.45	0.00198514
-0.445	0.00198283
-0.44	0.00198057
-0.435	0.00197837
-0.43	0.00197622
-0.425	0.00197412
-0.42	0.00197206
-0.415	0.00197006
-0.41	0.0019681
-0.405	0.00196618
-0.4	0.00196431
-0.395	0.00196248
-0.39	0.00196069
-0.385	0.00195895
-0.38	0.00195724
-0.375	0.00195557
-0.37	0.00195395
-0.365	0.00195235
-0.36	0.0019508
-0.355	0.00194928
-0.35	0.0019478
-0.345	0.00194635
-0.34	0.00194493
-0.335	0.00194355
-0.33	0.0019422
-0.325	0.00194088
-0.32	0.00193959
-0.315	0.00193833
-0.31	0.0019371
-0.305	0.0019359
-0.3	0.00193473
-0.295	0.00193359
-0.29	0.00193247
-0.285	0.00193138
-0.28	0.00193032
-0.275	0.00192929
-0.27	0.00192828
-0.265	0.00192729
-0.26	0.00192633
-0.255	0.0019254
-0.25	0.00192448
-0.245	0.00192359
-0.24	0.00192273
-0.235	0.00192189
-0.23	0.00192107
-0.225	0.00192027
-0.22	0.00191949
-0.215	0.00191874
-0.21	0.00191801
-0.205	0.00191729
-0.2	0.0019166
-0.195	0.00191593
-0.19	0.00191528
-0.185	0.00191465
-0.18	0.00191404
-0.175	0.00191344
-0.17	0.00191287
-0.165	0.00191231
-0.16	0.00191178
-0.155	0.00191126
-0.15	0.00191076
-0.145	0.00191028
-0.14	0.00190982
-0.135	0.00190937
-0.13	0.00190894
-0.125	0.00190853
-0.12	0.00190814
-0.115	0.00190776
-0.11	0.0019074
-0.105	0.00190706
-0.1	0.00190674
-0.095	0.00190643
-0.09	0.00190614
-0.085	0.00190586
-0.08	0.0019056
-0.075	0.00190536
-0.07	0.00190513
-0.065	0.00190492
-0.06	0.00190472
-0.055	0.00190454
-0.05	0.00190438
-0.045	0.00190423
-0.04	0.0019041
-0.035	0.00190398
-0.03	0.00190388
-0.025	0.0019038
-0.02	0.00190373
-0.015	0.00190367
-0.01	0.00190363
-0.005	0.00190361
0	0.0019036
0.005	0.00190361
0.01	0.00190363
0.015	0.00190367
0.02	0.00190373
0.025	0.0019038
0.03	0.00190388
0.035	0.00190398
0.04	0.0019041
0.045	0.00190423
0.05	0.00190438
0.055	0.00190454
0.06	0.00190472
0.065	0.00190492
0.07	0.00190513
0.075	0.00190536
0.08	0.0019056
0.085	0.00190586
0.09	0.00190614
0.095	0.00190643
0.1	0.00190674
0.105	0.00190706
0.11	0.0019074
0.115	0.00190776
0.12	0.00190814
0.125	0.00190853
0.13	0.00190894
0.135	0.00190937
0.14	0.00190982
0.145	0.00191028
0.15	0.00191076
0.155	0.00191126
0.16	0.00191178
0.165	0.00191231
0.17	0.00191287
0.175	0.00191344
0.18	0.00191404
0.185	0.00191465
0.19	0.00191528
0.195	0.00191593
0.2	0.0019166
0.205	0.00191729
0.21	0.00191801
0.215	0.00191874
0.22	0.00191949
0.225	0.00192027
0.23	0.00192107
0.235	0.00192189
0.24	0.00192273
0.245	0.00192359
0.25	0.00192448
0.255	0.0019254
0.26	0.00192633
0.265	0.00192729
0.27	0.00192828
0.275	0.00192929
0.28	0.00193032
0.285	0.00193138
0.29	0.00193247
0.295	0.00193359
0.3	0.00193473
0.305	0.0019359
0.31	0.0019371
0.315	0.00193833
0.32	0.00193959
0.325	0.00194088
0.33	0.0019422
0.335	0.00194355
0.34	0.00194493
0.345	0.00194635
0.35	0.0019478
0.355	0.00194928
0.36	0.0019508
0.365	0.00195235
0.37	0.00195395
0.375	0.00195557
0.38	0.00195724
0.385	0.00195895
0.39	0.00196069
0.395	0.00196248
0.4	0.00196431
0.405	0.00196618
0.41	0.0019681
0.415	0.00197006
0.42	0.00197206
0.425	0.00197412
0.43	0.00197622
0.435	0.00197837
0.44	0.00198057
0.445	0.00198283
0.45	0.00198514
0.455	0.0019875
0.46	0.00198992
0.465	0.0019924
0.47	0.00199494
0.475	0.00199754
0.48	0.0020002
0.485	0.00200293
0.49	0.00200572
0.495	0.00200858
0.5	0.00201152
0.505	0.00201452
0.51	0.0020176
0.515	0.00202076
0.52	0.00202399
0.525	0.00202731
0.53	0.00203071
0.535	0.00203419
0.54	0.00203777
0.545	0.00204144
0.55	0.0020452
0.555	0.00204906
0.56	0.00205302
0.565	0.00205709
0.57	0.00206126
0.575	0.00206554
0.58	0.00206994
0.585	0.00207446
0.59	0.0020791
0.595	0.00208387
0.6	0.00208877
0.605	0.00209381
0.61	0.00209898
0.615	0.00210431
0.62	0.00210978
0.625	0.00211542
0.63	0.00212121
0.635	0.00212718
0.64	0.00213332
0.645	0.00213964
0.65	0.00214615
0.655	0.00215286
0.66	0.00215978
0.665	0.00216691
0.67	0.00217426
0.675	0.00218184
0.68	0.00218966
0.685	0.00219774
0.69	0.00220607
0.695	0.00221469
0.7	0.00222358
0.705	0.00223278
0.71	0.00224229
0.715	0.00225213
0.72	0.00226231
0.725	0.00227285
0.73	0.00228377
0.735	0.00229509
0.74	0.00230682
0.745	0.00231899
0.75	0.00233162
0.755	0.00234474
0.76	0.00235837
0.765	0.00237254
0.77	0.00238728
0.775	0.00240263
0.78	0.00241861
0.785	0.00243527
0.79	0.00245266
0.795	0.00247081
0.8	0.00248977
0.805	0.00250961
0.81	0.00253037
0.815	0.00255212
0.82	0.00257494
0.825	0.00259889
0.83	0.00262407
0.835	0.00265057
0.84	0.00267849
0.845	0.00270795
0.85	0.00273909
0.855	0.00277203
0.86	0.00280696
0.865	0.00284406
0.87	0.00288352
0.875	0.0029256
0.88	0.00297056
0.885	0.00301871
0.89	0.00307043
0.895	0.00312612
0.9	0.00318629
0.905	0.00325152
0.91	0.0033225
0.915	0.00340006
0.92	0.00348523
0.925	0.00357923
0.93	0.00368362
0.935	0.00380034
0.94	0.00393188
0.945	0.0040815
0.95	0.00425354
0.955	0.00445395
0.96	0.00469116
0.965	0.00497749
0.97	0.00533198
0.975	0.00578579
0.98	0.00639436
0.985	0.00726871
0.99	0.00867559
0.995	0.0115051
1	0.0228857